&NAMP
DIR     = 'tests/test_2'
AL_I    =  0,
AL_F    =  10.   ,
NSA    =   0    ,
XA1     =  0.64   ,
XA2     =  0.72   ,
XA3     =  2.0000000   ,
XB      =  0.65,
XDA1    =  0.025,
XDA2    =  0.025,
RM_I    =  0.0       ,
RM_F    =  0.0     ,
NSR     =  0    ,
CM_I    =  100.0       ,
CM_F    =  100000.0        ,
NSO     =  20    ,
EDR     =  0.1     ,
XE1     =  0.70     ,
XDE1    =  0.025   ,
X_IN    =  0.58,
C3      =  0,
BCT     =  1.00000E+000,
ACCU    =  1.00000E-003,
ANS1    = 'H2' ,
ANS2    = 'D' ,
ANS3    = 'VR' ,
ANS4    = 'N'  ,
S0      =  0.85  ,
S2      =  0.08 ,
S4      =  0.0E+000,
S6      =  0.0E+000,
A2P     =  1.00     ,
A4P     =  0.0E+000,
MMM     =  0,
HD      =  1,
SR      =  1.0 ,
ROTP    =  1.0 ,
GD      =  1.2 ,
aqu     =  1,
flg     =  0.,
dd1     =  0.05,
rc1     =  0.70,
rc2     =  0.2,
oco     =  0.9,
xm      =  -0.45,
BETA_I    =  0,
BETA_F    =  0,
BETA_S    =  0.1,
ZETA_R    = 1.0,
FFREE     =  0,
xbt     =  0.75,
xbo     =  1.5,
/
