 &NAMP
 DIR     = '/mnt/c/gdi/Data/r400',      
 AL_I    = 0.00000000000,
 AL_F    = 10.0000000     ,
 XA1     = 0.6400000000000     ,
 XA2     = .7200000000000     ,
 XA3     = 2.00000000000000     ,
 XB      = 0.650000000000000     ,
 XDA1    = 2.5000000000000E-002,
 XDA2    = 2.5000000000000E-002,
 RE_I    = 0.,
 RE_F    = 400.,
 nsr     = 10 ,
 CM_I    = 12000.,
 CM_F    = 12000.,
 nso     = 1  ,
 EDR     = 0.02000000000     ,
 XE1     = 0.70000000000     ,
 XDE1    = 2.50000E-2,
 X_IN    = 0.580000000000000     ,
 C3      = 0.000000000000000E+000,
 BCT     = 1.00000000000000     ,
 ACCU    = 1.000000000000000E-002,
 ANS1    = H2      ,
 ANS2    = D       ,
 ANS3    = CR      ,
 ANS4    = V      ,
 S0      = 0.850000000000000     ,
 S2      = 8.000000000000000E-002,
 S4      = 0.000000000000000E+000,
 S6      = 0.000000000000000E+000,
 A2P     = 1.00000000000000     ,
 A4P     = 0.000000000000000E+000,
 MMM     = 0.000000000000000E+000,
 HD      = 0.000000000000000E+000,
 SR      = 1.00000000000000     ,
 ROTP    = 1.00000000000000     ,
 GD      = 1.2000000000000     ,
 AQU     = 1.00000000000000     ,
 FLG     = 0.000000000000000E+000,
 DD1     = 5.00000000000000E-002,
 RC1     = 0.700000000000000     ,
 RC2     = 0.200000000000000     ,
 OCO     = 0.95000000000000     ,
 XM      = 0.00000000000000     ,
 BETA_I  = 0.000000000000000E+000,
 BETA_F  = 0.000000000000000E+000,
 BETA_S  = 0.100000000000000     ,
 ZETA_R  = 1.00000000000000     ,
 FFREE   = 0.000000000000000E+000,
 XBT     = 0.750000000000000     ,
 XBO     = 1.50000000000000     
 /
